24690 216 24087 3543
11196 504 11670 2484
17193 504 17814 2040
18567 576 19200 4524
20397 597 20466 2403
31233 750 31017 816
31233 750 31374 813
31920 756 31914 1830
31920 756 32420 756
31374 813 31443 960
31017 816 30984 966
31443 960 31440 1860
3804 1017 3153 3363
20550 1404 21060 1977
11364 1896 11436 3480
21060 1977 21324 2886
17814 2040 18756 5100
20466 2403 20874 6690
7497 2463 7014 4320
11670 2484 12207 3783
20496 2523 21153 3564
4494 2787 3750 4917
3153 3363 2487 5046
24087 3543 23247 6006
11397 3753 10200 4530
12207 3783 13233 5076
11157 4194 10626 4713
11157 4194 11910 4473
11100 4344 11766 4857
11910 4473 12834 6090
10200 4530 8814 5910
4737 4710 4323 6054
4737 4710 5913 5886
10626 4713 10383 5730
11766 4857 12333 5823
3750 4917 3774 6153
10353 4920 9447 5457
2487 5046 1833 6300
13233 5076 13734 5886
18756 5100 19854 7503
16590 5247 15747 7956
16590 5247 17067 7146
10197 5520 7497 7227
10140 5664 9786 6657
10140 5664 10383 5730
12333 5823 12660 6726
5913 5886 7140 6993
13734 5886 13830 6336
23247 6006 21336 9063
4323 6054 3996 8214
12834 6090 13404 6717
13830 6336 14544 6753
13044 6447 13554 7287
9786 6657 9357 7287
13404 6717 14154 7197
12660 6726 12783 7413
14544 6753 15453 7656
7140 6993 8463 7794
17067 7146 16614 8640
9357 7287 8880 7824
13554 7287 14226 8217
16374 7353 16014 8433
12783 7413 13554 8043
19854 7503 20034 8916
15453 7656 15756 9030
8880 7824 8214 8856
13554 8043 14454 8880
10620 8046 9864 8157
10620 8046 11226 8157
12060 8103 10410 8376
12060 8103 13356 8187
9864 8157 8964 8850
13356 8187 14154 8640
3996 8214 3993 10623
14226 8217 14634 9096
10410 8376 9666 9030
13986 8397 15123 9420
16407 8580 15756 9030
16614 8640 15714 10197
8214 8856 7284 10266
21330 9006 20733 9744
9666 9030 8916 10410
15123 9420 15534 10050
8463 9480 8394 10116
20733 9744 19857 10476
15246 9996 15837 11127
15534 10050 16077 10623
8394 10116 8037 10884
7284 10266 6210 11967
8916 10410 8526 11976
19857 10476 18543 10884
3993 10623 3777 11640
16077 10623 16623 11406
8037 10884 7350 11850
18543 10884 16797 11667
12114 11010 11034 11367
12114 11010 13587 11073
13587 11073 14430 11646
15837 11127 16374 12267
954 11163 1467 11667
16623 11406 17097 12603
3777 11640 3630 12303
1467 11667 2037 12054
7350 11850 6927 13056
12393 11964 11313 12210
12393 11964 13557 12087
6210 11967 5670 13326
2037 12054 2640 12513
12312 12069 12300 12276
12702 12087 12738 12243
13074 12087 13032 12216
13557 12087 14364 12480
13380 12105 13389 12285
9474 12114 9534 13026
15078 12132 15705 12840
13704 12147 13644 12297
11313 12210 10476 12786
11664 12222 11655 12384
11889 12225 11868 12345
16374 12267 16704 13623
13500 12294 12873 12300
13500 12294 13644 12297
12873 12300 12060 12414
3630 12303 5016 14130
3846 12393 3354 12543
11097 12396 11394 12537
12060 12414 11394 12537
13080 12444 12213 12600
13080 12444 13584 12537
14364 12480 14826 12783
2640 12513 3354 12543
13584 12537 13836 12633
13023 12549 13029 12915
13572 12576 13605 12942
12213 12600 11364 12693
13884 12603 13899 12939
17097 12603 17337 13446
13836 12633 14196 12633
14196 12633 14487 12753
7713 12657 7497 13017
11859 12675 11895 13185
12357 12678 12375 13083
11364 12693 11004 12717
11373 12705 11322 13233
11004 12717 10374 12996
14487 12753 14493 12993
16266 12777 16107 13533
14826 12783 15033 13080
10476 12786 9837 13293
10710 12894 10722 13215
10374 12996 10356 13266
7497 13017 7500 13446
13176 13026 12573 13164
13176 13026 13800 13134
6927 13056 7086 15210
14334 13074 13800 13134
14334 13074 15033 13080
12573 13164 11763 13377
9900 13296 10290 13410
11067 13317 10290 13410
11067 13317 11763 13377
5670 13326 5646 14043
17337 13446 17610 13713
13086 13644 13074 13974
9690 13653 10446 14190
17610 13713 17730 14163
4869 13881 4098 14160
5493 14034 5754 14547
5646 14043 5313 14343
17280 14103 17184 14574
5016 14130 5313 14343
4098 14160 4119 14721
17730 14163 17976 15207
13650 14244 13356 14301
13650 14244 13953 14280
13953 14280 14256 14484
13356 14301 12963 14631
13161 14394 12936 14466
14379 14460 14223 14463
14379 14460 14586 14523
12936 14466 12567 14610
14256 14484 14409 14754
14586 14523 14601 14640
5754 14547 5673 14913
12567 14610 12246 14769
12963 14631 12369 14943
16854 14664 15873 14730
16854 14664 17673 14880
10314 14703 10944 15237
4119 14721 3990 15810
15873 14730 15096 14874
5217 14754 4854 14916
5217 14754 5523 14793
14409 14754 14586 14787
14790 14757 14739 15399
14790 14757 14586 14787
12246 14769 12066 14919
5523 14793 5847 15144
11991 14859 11697 15030
11991 14859 12369 14943
15096 14874 14553 15477
17673 14880 18273 15777
4854 14916 4497 15534
17187 14916 17397 15747
11697 15030 11523 15444
5283 15303 5094 15633
5946 15303 6204 16137
10620 15360 9534 15444
10620 15360 11514 15474
14739 15399 14364 16341
9534 15444 8727 15840
11514 15474 12030 16014
14553 15477 14214 16326
17880 15510 17823 16224
4497 15534 4224 16407
17397 15747 17460 16716
18273 15777 18483 16914
3990 15810 3651 16878
8727 15840 8280 16554
12030 16014 12513 16653
18342 16029 18900 16974
5637 16056 5556 16773
5637 16056 5196 16443
6204 16137 6213 16686
4746 16206 4626 17073
17823 16224 17394 16233
14214 16326 14097 16950
14364 16341 14286 16941
4224 16407 4194 17223
15699 16521 15207 16680
15699 16521 16329 16563
8280 16554 8247 17640
12513 16653 12807 17244
15207 16680 14754 16920
12312 16707 12525 17277
17460 16716 17556 18096
6363 16776 5523 17709
6363 16776 6456 17538
3651 16878 3222 17148
16653 16887 16293 16926
16653 16887 16866 16929
18483 16914 18327 17574
16293 16926 15513 17016
16866 16929 16377 17367
14286 16941 14277 17556
14097 16950 14166 17760
18900 16974 19008 17733
10947 17007 10269 17064
10947 17007 11364 17184
15513 17016 14847 17241
15729 17031 15897 17148
10269 17064 9807 17313
4626 17073 4647 17814
3222 17148 3021 17328
15897 17148 15900 17442
14499 17220 14334 17376
14499 17220 14847 17241
4194 17223 4167 17826
18408 17223 18702 17358
15459 17229 15294 17325
15459 17229 15660 17229
15660 17229 15729 17361
12807 17244 12837 17856
12525 17277 12519 18024
14631 17289 14559 17523
14631 17289 14403 17415
15105 17289 15057 17424
18318 17295 17502 17409
15294 17325 15294 17424
3021 17328 2862 18033
18702 17358 18705 17502
15729 17361 15642 17499
14367 17367 14709 17559
16377 17367 15930 17553
17355 17376 17208 17838
17355 17376 16908 17601
15057 17424 15135 17505
15294 17424 15423 17550
14451 17481 14559 17523
18705 17502 18006 17625
15567 17517 15423 17550
6456 17538 6924 17868
15930 17553 15306 17631
14277 17556 14346 18444
10554 17559 9801 17640
10554 17559 11307 17574
14709 17559 15306 17631
11307 17574 11697 17661
18327 17574 18093 17973
16908 17601 16245 17862
18006 17625 17475 17733
8247 17640 8283 18324
9801 17640 9321 17661
10668 17652 10512 17847
10668 17652 10908 17688
11697 17661 11763 17889
11091 17667 11289 17832
10908 17688 11052 17877
9309 17703 9759 17973
5523 17709 4578 18474
10434 17709 10443 17985
11715 17712 11619 17841
11715 17712 11571 17760
14097 17730 14460 18114
19008 17733 19254 18042
17055 17751 16194 18132
11571 17760 11607 17868
14166 17760 13533 17940
15549 17811 14844 18195
15549 17811 16245 17862
4167 17826 4137 18846
11289 17832 11208 17988
17208 17838 16689 18225
10512 17847 10662 17976
6924 17868 7071 18915
11052 17877 10923 18015
12846 17886 12426 18477
12846 17886 13533 17940
11763 17889 11496 18054
17013 17919 16374 18228
9759 17973 10371 18099
18093 17973 17430 18330
2862 18033 3195 18714
19254 18042 19533 18723
11496 18054 11043 18120
10371 18099 11043 18120
14460 18114 14943 18513
15660 18117 15246 18285
15660 18117 16194 18132
14901 18138 14511 18561
16689 18225 15843 18492
16374 18228 15708 18321
17652 18306 17775 19188
11853 18312 10785 18525
11853 18312 12414 18381
8283 18324 8787 18846
17430 18330 16494 18510
12414 18381 12606 18588
4578 18474 4035 19044
12426 18477 11697 19023
15843 18492 14904 18684
16494 18510 15717 18543
14943 18513 15717 18543
10785 18525 9900 18570
11565 18543 11079 18687
11565 18543 12033 18612
14511 18561 14904 18684
9900 18570 9384 18777
12606 18588 12297 18780
8337 18603 8586 18642
8337 18603 8355 18819
8364 18609 7608 18639
10284 18636 11079 18687
7608 18639 7146 18828
11928 18654 10962 18789
3195 18714 3273 19095
9855 18717 10962 18789
19533 18723 19611 20040
9372 18732 9831 18945
12297 18780 11514 18966
11715 18804 10416 18915
8355 18819 8835 18828
8787 18846 9534 19263
8295 18858 7800 18864
7800 18864 7185 19092
7071 18915 7638 19701
9831 18945 10308 19002
11514 18966 10308 19002
11697 19023 10713 19164
3273 19095 2982 19368
10713 19164 9534 19263
17775 19188 17829 20301
2982 19368 3102 19752
7638 19701 7803 21048
3102 19752 2571 20589
32706 20013 32373 20274
19611 20040 19356 21153
23913 20127 23457 20220
23913 20127 24963 20127
24963 20127 25386 20250
23457 20220 22467 20460
25386 20250 26400 20490
32373 20274 31776 20523
3822 20277 3168 20301
3822 20277 4305 20781
3168 20301 2571 20589
17829 20301 17619 21303
22467 20460 21993 20733
26400 20490 27186 20826
31776 20523 31200 20676
31200 20676 30390 20886
21993 20733 21594 20967
4305 20781 4338 21735
27186 20826 27843 21093
30390 20886 29754 21147
21594 20967 21210 21231
7803 21048 8574 22152
27843 21093 28527 21276
29274 21123 28527 21276
29274 21123 29754 21147
19356 21153 19458 21372
21210 21231 20754 21561
17619 21303 17244 22041
14142 21345 12498 21489
14142 21345 14721 21495
19458 21372 19389 22212
12498 21489 10899 21951
14721 21495 15798 21537
15798 21537 16668 21759
20754 21561 20115 21759
4338 21735 4872 22890
16668 21759 17244 22041
20115 21759 19509 21891
4431 21948 3837 22119
10899 21951 10146 22248
3837 22119 3099 22359
8574 22152 10146 22248
19389 22212 19212 22959
798 22215 1080 22386
3099 22359 2679 22488
1080 22386 1452 22521
2679 22488 2292 22539
1452 22521 1968 22554
2292 22539 1968 22554
4872 22890 5424 24273
19212 22959 19071 23718
19071 23718 18642 23787
18642 23787 18690 24795
5424 24273 6087 25281
18690 24795 17895 26031
6087 25281 6756 26385
17895 26031 16677 26526
6756 26385 7509 26859
16677 26526 16215 26868
7509 26859 8286 27555
16215 26868 15579 26922
15579 26922 14667 27252
14667 27252 14169 27672
10605 27507 9252 27747
10605 27507 12273 27915
8286 27555 9252 27747
14169 27672 13443 28086
12273 27915 13443 28086
