(8421,1829)->(8421,11344)->(8421,15144)->(8421,18715)
(15976,3370)->(15976,4589)->(15976,8933)->(15976,9945)
(5757,3426)->(5757,13581)->(5757,16647)->(5757,20856)
(15976,4589)->(15976,3370)->(15976,8933)->(15976,9945)
(2088,6070)->(2088,7091)->(2088,11500)->(2088,16387)
(2088,7091)->(2088,6070)->(2088,11500)->(2088,16387)
(15976,8933)->(15976,3370)->(15976,4589)->(15976,9945)
(15976,9945)->(15976,3370)->(15976,4589)->(15976,8933)
(14407,10367)->(14407,17188)->(14407,17831)->(14407,19953)
(8421,11344)->(8421,1829)->(8421,15144)->(8421,18715)
(2088,11500)->(2088,6070)->(2088,7091)->(2088,16387)
(5757,13581)->(5757,3426)->(5757,16647)->(5757,20856)
(8421,15144)->(8421,1829)->(8421,11344)->(8421,18715)
(2088,16387)->(2088,6070)->(2088,7091)->(2088,11500)
(5757,16647)->(5757,3426)->(5757,13581)->(5757,20856)
(14407,17188)->(14407,10367)->(14407,17831)->(14407,19953)
(14407,17831)->(14407,10367)->(14407,17188)->(14407,19953)
(8421,18715)->(8421,1829)->(8421,11344)->(8421,15144)
(14407,19953)->(14407,10367)->(14407,17188)->(14407,17831)
(5757,20856)->(5757,3426)->(5757,13581)->(5757,16647)
